C1	C2
df	dsf
34	34